-,-,-
06
399.414062, 37.109375, 906.250000
411.621094, 31.250000, 909.179688
376.953125, 53.710938, 913.085938
405.761719, 29.296875, 915.039062
395.996094, 31.250000, 897.460938
400.390625, 32.226562, 904.296875
395.507812, 29.296875, 903.808594
395.019531, 27.343750, 899.902344
392.089844, 36.132812, 918.945312
378.417969, 39.062500, 920.898438
371.582031, 40.039062, 911.132812
374.023438, 51.757812, 922.851562
380.371094, 42.968750, 910.156250
374.511719, 50.292969, 895.019531
372.070312, 41.992188, 917.968750
376.464844, 41.992188, 915.039062
375.488281, 37.109375, 916.015625
373.046875, 41.992188, 919.921875
373.046875, 41.992188, 906.250000
375.000000, 39.062500, 910.156250
376.464844, 41.015625, 912.109375
373.046875, 47.363281, 914.062500
372.070312, 44.921875, 907.226562
379.882812, 30.273438, 912.109375
369.628906, 39.062500, 920.898438
378.417969, 41.992188, 914.062500
374.023438, 44.921875, 913.085938
375.488281, 46.386719, 917.968750
369.628906, 44.921875, 910.156250
373.535156, 43.945312, 918.945312
379.882812, 40.039062, 911.132812
380.859375, 41.992188, 909.179688
376.464844, 43.945312, 909.179688
375.976562, 41.992188, 916.015625
376.464844, 39.062500, 923.828125
377.929688, 40.039062, 912.109375
370.605469, 44.921875, 916.015625
369.140625, 41.992188, 915.039062
373.046875, 42.968750, 911.132812
374.511719, 44.921875, 915.039062
366.699219, 41.015625, 914.062500
371.093750, 45.410156, 919.921875
368.652344, 42.968750, 917.968750
373.046875, 43.945312, 911.132812
371.093750, 45.410156, 919.921875
368.652344, 45.410156, 916.015625
371.093750, 50.781250, 913.085938
348.632812, 74.218750, 922.851562
367.187500, 39.062500, 911.132812
365.234375, 47.363281, 914.062500
366.699219, 41.992188, 916.015625
359.863281, 43.457031, 919.921875
369.628906, 48.339844, 917.968750
364.257812, 48.339844, 915.039062
367.187500, 45.898438, 920.898438
360.839844, 41.992188, 915.039062
364.257812, 56.640625, 916.015625
376.464844, 116.210938, 914.062500
364.746094, 50.781250, 932.128906
352.539062, 43.945312, 923.828125
357.421875, 48.828125, 916.015625
355.468750, 44.921875, 912.109375
352.050781, 47.363281, 923.828125
347.656250, 57.617188, 919.921875
354.003906, 51.757812, 906.250000
357.910156, 50.781250, 908.203125
354.980469, 52.246094, 925.781250
353.515625, 52.734375, 923.828125
343.261719, 49.316406, 916.992188
352.050781, 52.734375, 926.757812
351.074219, 48.828125, 920.898438
353.515625, 56.640625, 927.734375
353.027344, 53.710938, 952.148438
381.347656, 34.179688, 910.156250
375.488281, 49.316406, 901.855469
-,-,-
386.718750, 46.875000, 887.695312
379.394531, 3.417969, 905.273438
419.433594, 68.847656, 891.601562
363.769531, 14.648438, 937.988281
371.093750, 37.109375, 918.945312
372.070312, 44.921875, 911.132812
372.070312, 43.945312, 911.132812
354.980469, 43.945312, 931.152344
376.464844, 50.781250, 927.734375
354.492188, 43.457031, 917.968750
360.839844, 50.781250, 924.804688
354.980469, 52.734375, 917.968750
352.539062, 49.316406, 913.085938
347.656250, 47.851562, 931.152344
352.050781, 54.687500, 916.015625
353.515625, 53.710938, 919.921875
349.609375, 53.710938, 923.828125
354.492188, 50.781250, 926.269531
347.167969, 51.757812, 920.898438
351.562500, 50.292969, 923.828125
351.074219, 65.429688, 914.062500
356.445312, 48.828125, 923.828125
335.937500, 65.429688, 924.804688
350.097656, 49.804688, 931.640625
351.074219, 46.386719, 917.968750
344.238281, 57.617188, 914.062500
344.726562, 52.734375, 919.921875
344.238281, 53.710938, 924.804688
345.703125, 57.617188, 931.152344
344.238281, 51.757812, 929.687500
347.656250, 52.734375, 922.851562
347.656250, 55.664062, 922.851562
344.238281, 55.664062, 921.875000
342.773438, 56.640625, 924.804688
344.238281, 52.734375, 926.757812
347.167969, 56.640625, 922.851562
347.656250, 54.687500, 930.664062
345.214844, 55.664062, 923.828125
339.843750, 50.781250, 929.687500
338.867188, 50.781250, 927.734375
346.679688, 57.617188, 918.945312
344.238281, 55.664062, 925.781250
340.332031, 57.617188, 926.757812
343.261719, 56.640625, 922.851562
341.796875, 56.640625, 925.781250
348.632812, 57.617188, 924.804688
340.332031, 54.687500, 924.804688
339.843750, 56.640625, 925.781250
348.632812, 53.710938, 929.687500
344.238281, 54.687500, 928.710938
342.773438, 58.593750, 910.156250
342.773438, 51.757812, 932.128906
350.097656, 51.757812, 920.898438
347.656250, 49.804688, 921.875000
344.238281, 48.339844, 921.875000
345.214844, 53.710938, 929.199219
346.191406, 50.781250, 919.921875
342.285156, 54.687500, 919.921875
344.238281, 51.269531, 925.781250
348.632812, 52.734375, 930.175781
349.609375, 52.734375, 928.710938
322.265625, 10.742188, 914.062500
392.578125, 20.996094, 924.804688
422.851562, 36.132812, 873.046875
-,-,-
381.347656, 9.765625, 915.039062
378.906250, 47.363281, 908.203125
380.371094, 33.203125, 917.968750
385.742188, 34.179688, 900.878906
386.718750, 39.062500, 912.109375
384.277344, 37.109375, 912.109375
383.789062, 32.226562, 911.132812
383.789062, 39.062500, 911.132812
383.789062, 34.179688, 901.855469
383.300781, 38.085938, 913.085938
383.300781, 33.203125, 909.179688
382.812500, 41.015625, 912.109375
389.648438, 33.203125, 923.828125
389.160156, 33.203125, 920.898438
411.132812, 13.671875, 906.250000
-,-,-
411.132812, 49.316406, 857.421875
395.996094, 6.835938, 921.875000
384.765625, 26.367188, 920.898438
394.042969, 27.343750, 898.437500
391.601562, 29.296875, 902.832031
390.625000, 36.132812, 914.062500
396.484375, 36.132812, 914.062500
388.183594, 37.109375, 912.109375
384.765625, 40.039062, 909.179688
384.765625, 34.179688, 903.320312
389.160156, 35.156250, 917.968750
386.230469, 37.109375, 914.062500
386.718750, 33.203125, 908.691406
388.671875, 36.132812, 909.179688
389.160156, 33.203125, 907.226562
386.718750, 36.132812, 905.273438
392.578125, 35.156250, 911.132812
383.300781, 37.109375, 909.179688
384.765625, 36.132812, 907.226562
388.183594, 35.156250, 908.203125
385.742188, 37.109375, 914.062500
378.906250, 37.109375, 911.132812
380.371094, 37.109375, 907.226562
385.253906, 32.226562, 905.273438
383.789062, 34.179688, 913.085938
382.812500, 35.156250, 913.085938
383.789062, 38.085938, 914.062500
386.718750, 35.156250, 916.015625
390.136719, 32.226562, 912.109375
396.972656, 49.316406, 917.968750
